60
  3.684031499         0.0000000000        3.684031499         
  0.000000000         0.0000000000        3.684031499
 -0.2872050120        0.5048056433        1.5671887900   Ar
  1.4765457304        0.9133941182        0.7759275912   Ar
  0.8772196910        0.5048058678        1.5671887193   Ar
 -0.2978376706        0.0962229235        0.5164300925   Ar
  0.9133755359       -0.9500604840        0.5020434736   Ar
  0.2653247911       -1.7243635057        0.7903157759   Ar
 -1.5766909600        0.1176522480        0.5020458786   Ar
 -0.9286401994        0.8919552635        0.7903181783   Ar
 -0.3654698365       -1.7457983166       -1.0660880760   Ar
  0.2653244699       -0.9500561347       -1.3399700040   Ar
  0.8956173353       -0.4481165643       -0.5422404567   Ar
 -1.5850048697        0.5048058851        1.5671886461   Ar
  1.5548107427       -1.3372101033       -0.2748271268   Ar
  0.2988673135        0.9321928346        0.7669233507   Ar
 -0.3654700109       -0.9286216348        0.5164340553   Ar
 -1.5431481122       -1.7645967556       -1.0750926032   Ar
  0.9133750632       -1.7243592595       -1.0516976537   Ar
 -0.3761011426       -1.3372100832        1.5671886329   Ar
 -0.9463984277        1.3938991898        1.8346021063   Ar
 -0.9286407019        0.1176564868       -1.3399721892   Ar
  0.8956173521        1.4577281684       -0.0074135962   Ar
 -0.9647960587       -1.3372098901       -0.2748270660   Ar
  0.3014976821        0.5048060613       -0.2748270574   Ar
 -1.5431484268       -0.9098229122        0.5254383077   Ar
  1.5441779471       -0.9286271208       -1.3255855337   Ar
  0.9216859033       -1.3372098881        1.5671887159   Ar
  1.4765459210        0.0962174355       -1.3255817777   Ar
 -0.3316541070        1.4258089521       -0.0072904426   Ar
  0.2830907399        1.4577230290        1.8346021501   Ar
  0.2830907196       -0.4481115670        1.2997752345   Ar
 -1.5589250117       -0.3842927219       -0.5422404894   Ar
  0.2570108765       -1.3372098665       -0.2748270029   Ar
 -0.9621673178       -0.9098194892       -1.3165766169   Ar
 -1.5589250282        1.3939041794       -0.0074135715   Ar
  0.8798479610        0.0774154805        0.5254391888   Ar
  1.5103616296       -0.4162067924        1.2996520907   Ar
  1.5103617335        1.4258186924        1.8347252550   Ar
 -0.3316540250       -0.4161970599       -0.5423636127   Ar
 -1.5766912797        0.8919596176       -1.0516998376   Ar
  1.5441780719       -1.7457928206        0.7759315595   Ar
 -0.9621677833       -1.7646002699        0.7669224619   Ar
  0.2988676462        0.0774189942       -1.3165772378   Ar
 -0.9463983835       -0.3842875801        1.2997752493   Ar
 -1.5405180678       -1.3372096802        1.5671887042   Ar
  1.4659146033        0.5048056667       -0.2748269809   Ar
  0.8798484371        0.9321962631       -1.0750932314   Ar
 -0.2978378104        0.9133886245       -1.0660843128   Ar
 -0.9203298459        0.5048058602       -0.2748270587   Ar
  1.5103621414       -0.4162078164        0.1028342554   Ar
  0.2812442042       -0.4517451811        0.1052135831   Ar
 -0.9445523825        1.3902663678       -0.6548682921   Ar
 -0.3316536086        1.4258079411        1.1895274087   Ar
 -1.5607715443       -0.3806593326       -1.7368022703   Ar
 -0.3316535684       -0.4161955257       -1.7391814963   Ar
  0.8974633796        1.4613610166        1.1871474687   Ar
  1.5103621801        1.4258202159       -0.6524883345   Ar
  0.2812442056        1.4613564219       -0.6548675938   Ar
 -0.9445523658       -0.3806547293        0.1052141891   Ar
  0.8974633687       -0.4517493866       -1.7368015456   Ar
 -1.5607715444        1.3902705647        1.1871480483   Ar
